x
1 1
2 2
3 6
4 24
5 120
6 720
7 5040
8 40320
9 362880
10 3628800
11 39916800
12 479001600
13 6227020800
14 87178291200
15 1307674368000
16 20922789888000
17 355687428096000
18 6402373705728000
19 121645100408832000
20 2432902008176640000
21 51090942171709440000
22 1.12400072777761e+21
23 2.5852016738885e+22
24 6.20448401733239e+23
25 1.5511210043331e+25
26 4.03291461126606e+26
27 1.08888694504184e+28
28 3.04888344611714e+29
29 8.8417619937397e+30
30 2.65252859812191e+32
31 8.22283865417792e+33
32 2.63130836933694e+35
33 8.68331761881189e+36
34 2.95232799039604e+38
35 1.03331479663861e+40
36 3.71993326789901e+41
37 1.37637530912263e+43
38 5.23022617466601e+44
39 2.03978820811974e+46
40 8.15915283247898e+47
41 3.34525266131638e+49
42 1.40500611775288e+51
43 6.04152630633738e+52
44 2.65827157478845e+54
45 1.1962222086548e+56
46 5.50262215981209e+57
47 2.58623241511168e+59
48 1.24139155925361e+61
49 6.08281864034268e+62
50 3.04140932017134e+64
51 1.55111875328738e+66
52 8.06581751709439e+67
53 4.27488328406003e+69
54 2.30843697339241e+71
55 1.26964033536583e+73
56 7.10998587804863e+74
57 4.05269195048772e+76
58 2.35056133128288e+78
59 1.3868311854569e+80
60 8.32098711274139e+81
61 5.07580213877225e+83
62 3.14699732603879e+85
63 1.98260831540444e+87
64 1.26886932185884e+89
65 8.24765059208247e+90
66 5.44344939077443e+92
67 3.64711109181887e+94
68 2.48003554243683e+96
69 1.71122452428141e+98
70 1.19785716699699e+100
71 8.50478588567862e+101
72 6.12344583768861e+103
73 4.47011546151268e+105
74 3.30788544151939e+107
75 2.48091408113954e+109
76 1.88549470166605e+111
77 1.45183092028286e+113
78 1.13242811782063e+115
79 8.94618213078298e+116
80 7.15694570462638e+118
81 5.79712602074737e+120
82 4.75364333701284e+122
83 3.94552396972066e+124
84 3.31424013456535e+126
85 2.81710411438055e+128
86 2.42270953836727e+130
87 2.10775729837953e+132
88 1.85482642257398e+134
89 1.65079551609085e+136
90 1.48571596448176e+138
91 1.3520015276784e+140
92 1.24384140546413e+142
93 1.15677250708164e+144
94 1.08736615665674e+146
95 1.03299784882391e+148
96 9.9167793487095e+149
97 9.61927596824821e+151
98 9.42689044888325e+153
99 9.33262154439442e+155
100 9.33262154439442e+157
